
POLYGON ((6.166666667 45.883333333,
          6.183333333 45.883333333,
          6.183333333 45.900000000,
          6.166666667 45.900000000,
          6.166666667 45.883333333))


POLYGON ((6.116666667 45.750000000,
          6.200000000 45.750000000,
          6.200000000 45.950000000,
          6.116666667 45.950000000, 
          6.116666667 45.750000000))


POLYGON ((6.300000000 45.983333333,
          6.433333333 45.983333333,
          6.433333333 46.050000000,
          6.300000000 46.050000000,
          6.300000000 45.983333333))
